2.59199656193301 2.90109917912851
4.11209143360475 4.34521284284863
2.92462213262411 4.08629882055724
3.33900118548916 4.64093309462012
2.93446197823199 4.20783090141917
5.52187591304101 2.00433745896507
5.21999214555351 2.5311226120633
3.00864819137835 3.15322141697564
4.00596562065328 4.33716624659728
4.92155945614941 2.18835346717515
2.46660173052935 3.3687095984855
4.96965029250987 3.08678561918404
4.24166807702267 4.21832805471728
2.65698538519668 4.21947680553814
2.4098011146547 3.99842875415081
2.86128707880924 4.63755263913645
4.28853159799685 4.85835847486638
1.68177618247579 3.15040705692716
3.34651740049722 4.62568920682572
3.30856679851528 4.26627640888017
2.20100700998137 3.54811139115682
4.24423375526656 3.06853543715434
1.7207733250621 3.03034213911309
3.00085527614444 3.6687124772696
1.76288605817007 3.10373233712143
2.91394761080188 2.82229240417122
1.90300369367144 3.71289644883695
1.75619723257389 2.14000988004787
2.77970066597702 3.2761803723798
1.93773899183766 3.40140364207275
3.23641125269233 4.45763737342769
3.66781027980882 4.84389531938314
3.79728560108027 4.71010757374678
1.88282323456388 3.69161445014883
2.77774694194097 3.2507882630921
2.50883935103438 3.05864938908324
4.78330408198616 3.93031452900613
3.98264115872128 4.27904798281866
2.08439268278778 3.6049447934647
2.47687989026383 4.61716964778187
3.63595469789617 4.60444653340632
1.78739632380673 2.88956745068503
3.40323799789045 4.3399570324141
4.63681112200803 2.16501112291379
2.73891341574972 3.99566984757164
3.44406718857285 4.04667908377108
4.39789495037884 4.2202528243176
1.69014509797318 3.88084939124896
2.6084406324726 2.89943657577623
2.43592758535126 3.18558091148993
3.35152435988939 4.56814450458312
2.06496869385472 2.5356145227489
4.77091416261446 4.78002715894661
3.64633382004363 3.7177233698633
1.56168148884858 3.40841299288719
4.32535976080916 3.50274628710295
3.78592339699768 4.42980096941556
4.07888860421083 4.30877942200441
2.45495496796521 3.16530624602203
2.49741331919645 3.18149574353423
2.29665006707567 2.92859097323771
4.50536800892294 4.92140508680275
2.49020535449816 4.17131296664875
3.61162419019429 4.98671107108436
1.92220720418227 3.1983950054515
5.45082453784974 2.72076210606872
2.68966378405329 3.10200223056858
1.92156291602588 3.67824319653673
3.87110007181653 4.4463794841012
1.99471217836441 1.46626949397499
3.72353845864693 4.96242623558954
3.07085976766182 2.7387050060246
4.01291883374902 2.5065266873582
3.26676787526689 4.05402866879857
4.51834353724604 1.69524156092681
1.82004534167987 4.28412502142786
4.6393633440661 3.90688444333271
3.79442807970575 3.71674365047791
3.63217649656497 4.30508984173482
2.44089323522098 2.04764299544945
2.30273299270268 3.87488852453755
5.24792522980124 1.98822472003484
4.73905777819632 4.86921074297233
3.5173594466404 5.96031504464109
3.18941621877682 2.7839872436476
2.39738608722434 3.72019579020711
3.40130153466999 4.8351646053336
2.32986802220856 3.42024647701044
3.70686971548804 3.90434560577192
2.96208621087191 4.51398925987018
2.91987227043473 3.71128634390471
2.24072909907031 4.61401890568929
3.40889759739015 3.31234655206849
4.50728171298351 4.59749548805666
4.68722996224981 4.55630662408403
3.58502789784468 4.46830839658673
2.47025152636951 4.72336464280468
3.22209910083626 4.77790587348702
2.15127587858683 2.84275686192623
4.45695129680258 4.50179779664165
4.23611613744091 4.32259450235076
1.55579382168754 3.97094243432309
2.17095196493797 2.63279745923866
4.92262324862143 2.66218411357544
2.28891008023436 4.26625924193903
2.2210390628264 4.81784629156516
2.27977230253967 3.40212199302426
3.2462700314172 5.33846406530178
4.09200103723966 4.96888295313148
6.24570003622286 2.38189308867957
2.49806002517617 2.82951739303201
2.10879109718358 2.74451328969437
5.08434255295448 2.16423838429774
4.67923667807754 2.25164626129461
3.4016014905889 4.69553339226717
2.23492825703881 3.00598271735451
4.81719471898827 2.84161817643699
2.59300025696487 3.54681290117494
2.3991788980038 3.21057823250014
1.75136161988245 3.61347670592814
2.08898737183933 3.75615078379634
2.26311873421695 2.90852721592062
3.58842550071246 5.00957232494444
5.72652593954971 1.88400287095922
2.55620254720418 3.92542533694702
1.95646176946991 4.44803587028664
2.05370221614824 3.12367729594133
1.94550010497814 2.10421047665274
4.97523762223317 3.86414935066987
3.66236159250239 4.18291829259629
3.97436227738175 4.51995050164026
3.89157231304647 4.30983242193507
2.03573720696914 3.66828571392549
1.98478729689111 3.70827028827301
2.54438405611501 3.51062241155679
3.25935732947524 4.09937346755349
4.77781290393733 2.9678203980945
2.07689947761152 3.77601042311968
2.39075793742007 4.30608421145491
2.44023501875055 3.28812137208432
3.33623162424557 5.05428373052616
4.24841726725711 3.84185536336999
4.37616865111325 2.34618298560589
1.77636592295317 2.69062391093229
2.61297301588579 3.48814276126235
1.99564561043535 3.35766766891793
3.02600611300989 3.22876810105974
1.90633179361613 2.7680809913326
2.78173431175273 3.14073039259613
3.11396298738101 5.06857841101625
2.86464345292603 4.06868943920275
1.67285556751314 2.85707765896666
3.26604367728942 3.35143073834688
3.25035766748619 4.94410074979746
4.69695735699027 2.5958812305055
4.32303439719116 4.50144994649619
3.99264896813867 1.96348997510371
2.85926767182496 3.40493100745635
4.18675682323944 4.972173084689
1.68061633118898 4.73491032516375
3.8351547809626 3.53003129504339
3.32293672700846 4.26685690492076
4.66454096155771 2.17008911205819
1.58455709975032 3.91711594635061
3.60146794348056 5.46050160065596
5.45466897444921 2.10236083505978
2.03481634332885 3.90047654121653
2.24770861000995 4.27580480059767
3.61122630005433 5.01019350205959
4.62522567761881 4.31323212605813
5.8804339845944 2.54820148822283
4.90375518900293 2.15534976875288
1.84298352391711 4.44676751871562
4.13286183661653 4.47654751406487
2.81194534251738 4.12005850848606
3.65227471559502 3.98744685912752
2.61785244990833 3.42007576617094
2.91327933993889 3.9505835582642
3.60846096657675 3.2945278927414
2.52435504043808 4.26478582713308
3.64297415419556 4.78351026439912
1.81074542100901 3.59732180098377
1.65125009345191 3.68721966478755
2.31233600464982 3.99676172085904
2.5794982204053 4.07505457765177
5.21283030217216 2.19498946578491
2.76992123615654 3.48692105212817
4.39358931874879 2.73838510012274
2.63149886659315 3.59734125054815
1.18344292599105 3.60367185705852
1.79196961337771 3.93570006521357
4.16466865005022 4.03395611678491
1.62785131661407 3.65351657655183
3.06037194238697 3.90593246250418
2.63806651290749 4.11773918247277
1.731021955951 3.16512761627859
3.57510800778513 1.54896340454165
5.71927672025535 2.20992695337425
2.19001395295094 3.12757420015688
2.70762385402312 4.46337688969321
3.01587154319001 2.95611074935744
2.70798835669201 3.37381645548768
2.24801788829025 3.1474672925443
4.25603943641285 4.77769068755532
3.19061982682054 3.32677714217624
3.29875559357013 2.7608520810803
2.6177072187742 4.71855440967376
4.58019731427794 4.84540747026189
1.66578251133279 4.31486501195747
6.00588943642451 1.79187779145713
5.16328635714141 2.28911286339486
2.8029209319495 4.04452905761101
2.85102601767624 3.86797948662851
2.15734256522669 3.53913034742059
4.0001132183796 4.97509443121604
3.38022813946047 4.09340951343033
2.90059821578601 4.09804699056603
1.66398988233445 3.49404667469603
2.49164606229418 3.0411023263914
5.09637618874829 1.35935320940594
1.55848126678803 5.03344736258516
1.93559185698298 2.71510910957713
5.23485882901958 2.1404367094364
4.49912204009158 5.45164066304032
4.73483204017841 4.82952703725186
1.29736854432545 3.87808874298141
3.47829415016276 4.36827520253148
4.44831058848819 4.05323944420111
1.99922639701467 3.27678925477262
2.09290577816221 2.55703547836441
4.47436975762018 2.38797033211493
4.59861739716111 1.98160729469749
2.49454627496824 3.97469811389009
2.58212877800973 3.97096830581798
1.72500831284668 3.90068561626583
4.35141389890883 3.56620772253161
2.00068933428544 1.87653249447885
1.97747743525592 3.43761271026241
2.17196235941528 2.88701749292302
4.12650166453999 2.2619631569978
2.81102051042455 3.96371235575344
5.32005300361124 2.12597140222596
2.09214356108046 3.40769212672269
3.30158350674156 4.47039429313014
1.78337372961292 2.85889022105548
2.91710603862013 3.47105271169571
2.33763809871975 3.10654068953469
5.03470557271642 2.68531972695062
4.33007433963587 5.3397810641605
2.61072513105075 4.42777469583893
6.62790381920978 1.45890686980147
1.92663013484895 3.25654268052074
2.39035662457739 3.03078150285651
5.35209484899538 2.54062408966401
4.88285621923324 4.42225992490054
3.61284451985463 5.11164254371832
3.73854031333337 4.41684956194169
4.21399535179472 4.13640810833436
2.45348934231881 3.41187780145606
2.87416989379429 5.14898081276847
3.35209319023185 4.21208316525595
1.97278312379628 4.09398720597277
2.14475394405409 2.77964257951657
2.44772251706418 4.09588770690801
2.270369631292 3.36816514256373
1.91257462215606 2.34600157003957
2.53530680205273 4.81677746636386
2.38746623171423 3.11442730080082
3.66615973544376 2.22644378305518
2.43024967980611 2.35058278745341
3.10671586929966 4.39176942687804
2.67471448116875 2.66098358840683
1.32649362203934 3.45461826433465
2.22716235569993 3.14902386710064
4.26639375827892 1.72071284205964
2.25031347303141 3.27933828463721
6.35966567434252 2.5375160462299
2.72652989686757 1.68337631074155
2.80225784371714 2.71983683285765
2.3004266932318 3.39960688955663
1.55907540890042 4.09591717937259
2.53351607699079 4.12404155983581
3.22882301748808 4.42395447756425
2.5431898398135 3.5423859137991
3.21696297691562 3.81302530362059
5.48789194226699 1.91540168968719
1.93660653485642 3.3136289970231
2.30703705268635 2.70532517184785
3.91132791978578 4.72092193518908
4.14478665737029 5.32924218552925
4.11620484399381 3.02307458197632
2.18967222979093 4.28805024467484
3.8532684074202 4.73428249105241
1.38715787608588 3.42028868886976
2.41977898441145 3.76261532190381
3.65129202264356 3.96557752151319
5.48770653247125 1.28643183997786
4.0094301513133 4.84606478764055
1.96151360276465 4.99489888014867
3.54105024102061 3.85787991729975
3.5536008535596 5.61209980453427
2.64025628202567 2.90426495896151
4.45221710067962 4.76513053611637
2.61754840319032 4.24683965021354
2.9690558533973 3.30470843843469
2.68162154490902 3.55120217395682
2.11465794719303 3.07587712715668
4.5756223666177 4.40424920391871
4.621427498879 3.97565287795048
4.72155047731423 4.25406158609216
4.53089059555389 4.46081663139501
3.35708270605301 4.93109212237847
4.24186216740018 4.41941268705032
2.19122578861703 3.16114582345004
2.06719225038256 1.56874867254055
2.06214791098155 3.36799712640447
4.44366290613491 2.34771426482073
3.66409654103229 5.48728366461831
3.7458036177501 4.1375549847387
3.60471291505826 4.27233472818394
3.39847855185143 3.59194871967834
2.47962291978437 2.6275972056418
2.6574882369633 2.87306065771768
2.09771156307899 4.64028923012324
4.89608407570709 3.05372559170207
2.53004742620988 5.04188757098191
1.91985571700923 4.09159700921203
3.72197767561489 4.82328346848496
2.07553517617411 2.77296001182961
2.10588482555703 3.07277323580718
2.69859343160233 3.11297169349085
4.67143533285162 2.64824102302665
3.77486407675597 5.15842730848146
4.21996158148656 3.87543054783147
5.4594919631512 1.86567213936517
2.95857346382513 3.26274252033616
4.17924960935796 4.58649784391162
3.8674991819864 4.00674866936856
3.38571589933416 2.6883744739212
1.56364322622708 2.15618547338
3.00325848801822 3.92162260451252
4.28542011204094 1.77406721968621
2.46255691902746 4.42391124112838
4.24642702219605 4.77736050706013
4.62340687028264 2.4517088518799
5.56215594990501 1.90366222090404
2.99753043806656 3.37876802749882
5.32695270334706 2.01356669041835
2.10718840931163 4.1569681663616
4.32616859641766 3.07816029035722
4.13186498507257 5.4561812798206
2.08059452020311 2.83569556667379
4.23334082849421 4.99104310180324
3.28918555380003 4.26262448466042
2.93224101359204 3.45089216755941
1.26826808884206 3.4330824247392
3.72885884787243 3.83119402671854
3.67034764059549 5.561597866538
2.10761205753455 4.10935967707061
4.36325267467436 1.62737745691792
2.77107987960633 2.91050217305394
2.47997255384418 3.35443658397553
6.49339888263674 2.03247479903888
2.49995633739201 3.29747633812733
3.97505011132152 5.00298182642146
2.72221104703806 4.42775535844449
2.73523371038885 4.38080116864491
1.6704565390847 4.96167599748993
4.12172235075735 4.51645219878376
1.81537027130683 4.27345660033192
2.17140809681096 3.31026201935815
1.98757004103273 2.88475327177089
2.45821630550591 3.790711638159
2.8895895706433 3.90968917774559
2.38391386732829 3.1966202619004
2.8471549983534 5.50123305936352
4.08960992427761 3.64373402490283
3.41154374587212 4.23207414936201
3.80216819660671 4.38265220439048
5.2442183476893 2.26769522459757
2.232206037192 2.62103250832061
2.50910801625378 3.29561840156911
3.94655575125511 4.43634600184147
4.07983222391501 5.87112945638795
2.60676770985217 3.80925073889874
2.92107977766147 3.45896391358386
3.93262737933001 4.9496211262313
5.34321834734205 2.27409803613799
4.02302765597728 4.17101467818125
3.31431951948124 4.79968123361337
2.07807347335458 3.2411660109416
4.06620304036471 4.24284740560244
4.33740022056193 2.65573772246321
4.03695353522099 1.98372454620514
4.33961956033086 4.64147634830085
2.34351006706057 3.16198463474122
2.55892077837168 3.64387299445936
4.18668740324754 3.10550433085973
2.00471315692939 4.85344724261302
6.37905242109621 1.47772268975058
1.5572471614892 3.16609682494631
2.36824331992342 3.81992347591116
3.96955076539436 3.44386373028379
2.02439967831017 3.7583891545545
1.97557625905056 3.00308026183997
2.06675446642087 4.18943294714303
2.47245034728909 1.75878366575284
3.86931622913546 1.73510870714597
4.0790637569032 2.52131713620893
3.67585731575068 3.69703082032227
3.65203791748033 3.73052336553361
2.84471602806091 4.25210391371234
3.85791583701701 5.58749697951094
6.50039623100317 1.62216571931246
3.39182914151635 5.34380553419108
3.11232989452444 3.96744050363618
4.83620450915743 4.37533357164313
1.65409248361839 3.09182848545666
2.6614621516616 3.60074224677932
4.41326498808958 4.60691917041146
4.80056293274419 2.81107092563247
4.26918495173266 4.59705819214805
2.91362252489009 3.39182638293101
2.26916081673817 3.31121297221853
2.55052891863065 2.59213624275576
3.2771834587876 3.75974270790693
3.91234600713342 4.60803185999878
2.92136912287058 4.22628222474915
3.58934233024776 3.59162383356105
4.39975103755937 4.77669244213382
2.84924906977362 4.90220893624101
3.64787639627321 4.85915758376838
3.50638679951071 4.33718906530309
2.2465918981234 2.8835716158734
2.38503952144612 3.75888480597972
1.94922518155284 4.30957900452903
2.26444171572411 2.15332006787351
4.12579070684198 4.90870428043606
1.95880962770304 3.04081330554401
3.0482293202292 4.3753081023339
4.1533269999311 3.12988095319081
3.08333664332052 3.10291615382135
3.98939260580773 4.10864297784784
2.16593434486598 4.18654851431882
2.34331880254248 2.58165807153191
2.83974755050632 2.62220947690771
3.97956734040675 4.70350800300778
4.42527760130368 2.44968089004368
4.33905335261199 3.05925600092755
3.08668202721889 3.20587384469474
2.89196794252671 4.9211299879352
3.52021013494214 3.56844993432663
5.13823114046158 2.6437885911204
4.69750620160819 4.6202402873193
3.43719792789461 3.77343627622916
2.05211557333027 2.42714546679076
3.1093784108966 4.35248269666705
4.60164713921441 4.62152427597729
2.24165983284404 3.99254334053136
2.46169197381193 2.00483552493399
2.90285032180248 3.42130978249433
3.89949285536146 4.38287984443351
4.99155124484822 2.553313802322
2.94170147522512 4.59159932964163
5.45365026406564 2.16624299122869
2.30379095251901 3.35054203533123
4.17168726632161 4.24409164004773
2.46272588122257 2.54851364178555
2.81611294627075 4.12907021097214
4.32029734476693 2.0629621979635
2.66998038346596 3.37359097775206
1.77931690320639 2.69287102769235
1.76641789607072 2.42094792384943
3.28212534243794 4.72755436920592
1.34794757694038 3.16187448234643
2.89311417594809 2.48138676017865
2.74808586503527 3.73889979258082
1.40138068073489 2.73681115307508
2.76443386739397 4.44324961615132
3.18272529156124 4.60745203871697
2.43246637252356 3.13198627017114
2.52839974867553 3.2525119127159
2.50353350257583 2.17779552322897
3.11577138278397 3.30724067468818
1.99209542759431 2.0912920002832
4.32584049184453 2.32898443339883
5.13788479591819 1.99733454122207
3.61730585611372 2.03007829494185
4.33974352514149 4.0846044326532
2.02241868098795 3.72020432078153
5.41523022807343 2.14024723109102
2.89667596842726 4.16677249810366
2.26980819725677 3.14536744137017
4.61982337829033 2.50458738385711
2.84788104364623 2.83754349502097
3.90528085739574 4.74496860125452
3.99425646314317 1.53431022786609
3.53267952245595 4.20108299751129
2.45056347366137 4.14534332021696
3.7536293587284 4.04222098201899
2.26831630420138 2.72979280490127
3.28245865662969 4.96782939062823
3.06315291050182 2.90855017739431
3.41213926773818 3.71198565709944
2.65199464610633 3.02411197030581
4.72236739033737 2.88150539743107
2.94716302587791 3.4085013934193
4.13691226624769 4.71154998086714
3.15724121397023 4.70550815005741
4.51536925671645 3.83097620682539
3.07500929570012 4.27390932002957
3.28021964237259 3.71651400482828
2.1908688977419 2.55449616630022
4.78417803862468 2.51132154493277
4.64842879600465 3.17253182151983
3.47277766218576 4.21849616823354
1.69873730819915 2.74197985102522
2.2682657300615 3.92315856026367
2.7794798475972 3.66577301821774
3.08758761961178 3.5310063186902
3.67474525559775 4.71572061228385
3.00703092328896 3.1625354722661
2.53374544913796 3.36898399115891
2.1128488018054 2.39650155931208
2.3359708165699 3.402138202935
3.30925757665811 4.28202930980981
2.7318873953197 3.31422776379752
5.61684060612169 1.89529257242685
2.66467156979609 3.3693842581412
3.61085164037911 5.43766495799724
3.39978515049315 3.44004255116228
4.3831993977274 4.08648944994999
4.66314459737989 3.27577845028425
4.01422741478115 1.76524773742734
4.16735535371676 4.92997087410073
5.35493997509269 2.54956866580131
4.7513795799869 2.73863181398886
5.51599533183179 2.44874101130798
1.53535800966309 3.93768529168906
3.89634741986603 4.36442811687885
3.92110973085018 2.70298707815149
2.53870848909635 3.73656002460162
3.32384689692745 4.78923611794835
1.88116637110199 3.78525654971384
4.53498860535638 4.99015407185356
5.11469465775624 2.50001068257465
1.65012703953969 2.43638064188683
3.9705647334887 3.97455227009385
2.21126067706564 3.2961764073987
3.88295879405705 3.75429928073185
4.81529297783533 2.28423641783162
2.715285965027 4.61474064371165
4.01168942617439 2.22526922745172
2.55511410744152 2.85492970980799
4.28619306958219 4.68395316840768
6.03102379773287 2.48953022825318
5.15706852845702 2.52967672254947
3.67214744159558 5.09035849469547
3.75519025324214 4.90970046067765
1.67941512856298 3.89763975692127
2.69667578128558 3.79833371432399
3.91654466054139 3.68013408399711
3.39779364757038 4.6467369371198
3.56974643484334 4.17574696955902
5.30292742862967 0.774781392250695
4.90375387892468 1.8316008557394
2.68513118457236 3.91096551895076
2.23663528081614 3.71400083194672
2.68219745954607 2.71120165216145
3.55505139952622 4.14432297139609
2.40122007803423 4.03615940128065
2.74483597996524 3.92629143163111
2.34378111511653 3.79768324135988
4.26786764622755 5.42758203445026
1.99725697263393 3.84473655063508
4.21540196637395 4.44239339943726
4.64623799577556 5.19448875514685
3.02097438104375 3.71548174493462
3.67469275571006 3.85664378524981
2.3370242297125 4.67451261160725
2.98132412050899 5.07985268834408
2.91344609357566 4.31739571299336
2.41843875845052 3.18448061210839
2.43051563313845 2.89429002190565
4.93839994119639 2.20902014293385
1.74544785855526 3.47733378749364
3.89702273497809 4.72535656200618
3.60508066832304 3.57027775989685
4.03310238863655 4.34578467356258
4.27421715211374 4.26849077763573
3.63272514947014 4.11403651033101
5.25640643221181 1.65274796993494
1.65378122149929 2.89967469166878
2.23653676918164 4.20451478094313
2.51441453593352 2.9664906423621
2.22805974879059 4.29511284228162
3.55393357343145 4.79031422251835
1.9125359835726 3.48082724660857
2.41956110223098 2.07023066424752
3.68451346033687 3.31434089309794
